Time(min)	Sim_TC1	Exp_TC1	Exp_Mean_TC1	Exp_Std_TC1	Sim_TC2	Exp_TC2	Exp_Mean_TC2	Exp_Std_TC2	Sim_TC3	Exp_TC3	Exp_Mean_TC3	Exp_Std_TC3	Sim_TC4	Exp_TC4	Exp_Mean_TC4	Exp_Std_TC4	Sim_Moisture	Exp_Moisture	Exp_Mean_Moisture	Exp_Std_Moisture
-36.666667	-274.000000	26.679688	29.054688	2.915912	-274.000000	27.367188	28.286458	2.502642	24.451959	28.093750	26.859375	0.936523	-274.000000	29.778456	28.779386	0.802104	0.474995	0.358798	0.440262	0.046802
-33.333333	-274.000000	26.679688	29.054688	2.915912	-274.000000	27.367188	28.286458	2.502642	24.860323	28.093750	26.859375	0.936523	-274.000000	29.778456	28.779386	0.802104	0.474989	0.358798	0.440262	0.046802
-30.000000	-274.000000	26.679688	29.054688	2.915912	-274.000000	27.367188	28.286458	2.502642	25.133031	28.093750	26.859375	0.936523	25.346273	29.778456	28.779386	0.802104	0.474981	0.358798	0.440262	0.046802
-26.666667	-274.000000	26.679688	29.054688	2.915912	-274.000000	27.367188	28.286458	2.502642	25.334610	28.093750	26.859375	0.936523	25.593283	29.778456	28.779386	0.802104	0.474972	0.358798	0.440262	0.046802
-23.333333	-274.000000	26.679688	29.054688	2.915912	-274.000000	27.367188	28.286458	2.502642	25.503051	28.093750	26.859375	0.936523	25.818241	29.778456	28.779386	0.802104	0.474962	0.358798	0.440262	0.046802
-20.000000	-274.000000	26.679688	29.054688	2.915912	-274.000000	27.367188	28.286458	2.502642	25.655364	28.093750	26.859375	0.936523	26.018320	29.778456	28.779386	0.802104	0.474950	0.358798	0.440262	0.046802
-16.666667	-274.000000	26.679688	29.054688	2.915912	-274.000000	27.367188	28.286458	2.502642	25.799159	28.093750	26.859375	0.936523	26.195690	29.778456	28.779386	0.802104	0.474937	0.358798	0.440262	0.046802
-13.333333	-274.000000	26.679688	29.054688	2.915912	-274.000000	27.367188	28.286458	2.502642	25.937569	28.093750	26.859375	0.936523	26.354874	29.778456	28.779386	0.802104	0.474922	0.358798	0.440262	0.046802
-10.000000	-274.000000	26.679688	29.054688	2.915912	-274.000000	27.367188	28.286458	2.502642	26.071286	28.093750	26.859375	0.936523	26.499661	29.778456	28.779386	0.802104	0.474906	0.358798	0.440262	0.046802
-6.666667	-274.000000	26.679688	29.054688	2.915912	-274.000000	27.367188	28.286458	2.502642	26.201427	28.093750	26.859375	0.936523	26.634375	29.778456	28.779386	0.802104	0.474888	0.358798	0.440262	0.046802
-3.333333	-274.000000	26.679688	29.054688	2.915912	-274.000000	27.367188	28.286458	2.502642	26.328890	28.093750	26.859375	0.936523	26.760537	29.778456	28.779386	0.802104	0.474869	0.358798	0.440262	0.046802
0.000000	-274.000000	26.679688	29.054688	2.915912	26.663924	27.367188	28.286458	2.502642	26.454250	28.093750	26.859375	0.936523	26.878881	29.778456	28.779386	0.802104	0.474847	0.358798	0.440262	0.046802
0.500000	-274.000000	31.768544	45.418546	15.395258	42.369608	28.124361	35.251788	11.729488	26.885681	28.361848	28.504079	0.712962	26.901912	28.715093	28.513362	0.354711	0.474823	0.474851	0.476813	0.001539
1.000000	-274.000000	40.223281	58.069168	24.282188	46.307312	29.949048	39.307477	13.374652	28.464020	28.988269	30.557018	1.854558	27.115477	28.760856	28.530240	0.367362	0.474770	0.474595	0.476324	0.000787
1.500000	-274.000000	43.360270	61.411032	27.182194	44.419142	31.326309	39.972286	11.555730	29.226795	29.477115	31.749551	2.292152	28.095731	29.038625	28.753859	0.370688	0.474689	0.472098	0.474866	0.003292
2.000000	-274.000000	42.184233	59.479170	24.334873	41.376656	32.085028	39.683154	11.354223	29.245878	29.674830	31.846371	2.027706	30.597337	29.754638	29.575130	0.564900	0.474582	0.471260	0.472406	0.001332
2.500000	57.755941	40.728179	57.503171	23.583170	38.915795	32.456007	39.178084	10.615901	29.118447	29.698580	31.751447	1.813275	35.008358	32.452315	31.581081	0.960015	0.474449	0.471543	0.467189	0.002276
3.000000	54.311917	39.957990	53.956893	20.739400	36.821241	32.583866	37.568585	7.484356	29.067494	29.792145	31.732252	1.667184	41.024160	36.344707	35.718306	1.632976	0.474288	0.469542	0.434356	0.004094
3.500000	51.448412	40.070079	49.120182	12.834941	35.125444	32.731953	36.746465	6.043943	29.166026	29.812136	31.725762	1.479116	47.991236	42.518332	41.442044	2.293042	0.474096	0.469923	0.417174	0.001151
4.000000	49.511860	40.846553	47.647043	10.225741	33.917629	33.004546	36.341188	5.294469	29.574959	29.931108	31.908272	1.372383	54.548846	47.992644	47.162695	2.583313	0.473867	0.467147	0.447611	0.001422
4.500000	48.679637	42.281068	48.127810	10.096519	33.433774	33.368833	36.262743	4.839852	30.312645	30.136833	32.292318	1.441291	60.123497	52.875251	52.314580	3.005497	0.473596	0.468056	0.409833	0.001277
5.000000	48.770170	44.346733	49.538723	10.712839	33.461998	34.060405	36.545662	4.631874	31.298076	30.369958	33.010813	1.861572	64.723373	57.640781	57.154983	3.539817	0.473272	0.465545	0.435282	0.003323
5.500000	49.572985	46.772390	51.428388	11.654728	34.130010	35.051033	37.175343	4.634006	32.687884	30.774806	34.118075	2.590212	68.623478	61.955386	61.499042	3.997322	0.472881	0.464362	0.430899	0.002818
6.000000	50.925401	49.950781	53.940910	12.631146	35.112297	36.268679	38.076605	4.878140	34.251805	31.377661	35.602839	3.560772	72.072431	66.162553	65.491267	4.333006	0.472402	0.463402	0.427926	0.003351
6.500000	52.814988	53.603008	56.860710	13.532722	36.730830	37.833750	39.348049	5.224761	35.988021	32.198672	37.504694	4.710709	75.141033	70.109981	69.153439	4.466242	0.471799	0.461457	0.418140	0.004335
7.000000	55.163484	57.108977	59.948740	14.311329	39.079792	39.822656	40.912400	5.668292	38.185758	33.317129	39.971298	6.069868	77.909127	73.988837	72.624309	4.412625	0.470999	0.459374	0.415698	0.007227
7.500000	59.535417	59.809730	63.022528	14.873253	41.762957	42.046342	42.879536	6.303017	41.448433	34.837068	42.840221	7.366115	81.163821	77.602342	76.091187	4.321176	0.470008	0.459675	0.413939	0.008659
8.000000	63.764640	63.229858	66.230448	15.323051	44.678382	44.407804	45.132762	7.057350	45.428740	36.675511	46.076406	8.736613	83.944505	81.018127	79.150630	4.351014	0.468754	0.456562	0.412245	0.008650
8.500000	67.754619	66.569495	69.270780	15.532142	47.792908	46.762393	47.564579	7.724215	50.000341	39.128266	49.601581	9.964294	86.255168	83.881866	81.714834	4.296270	0.467228	0.456021	0.407175	0.009593
9.000000	71.425511	69.912110	72.032224	15.297628	51.084754	49.761293	50.377471	8.399101	54.902815	42.153082	53.437824	10.826343	88.131512	86.388932	84.046889	4.180324	0.465445	0.453129	0.418089	0.009141
9.500000	74.732407	73.108356	74.753267	14.933787	54.539149	52.926538	53.249657	8.859677	59.852488	45.941257	57.481939	11.371665	89.644880	88.517294	86.012943	4.002697	0.463430	0.451022	0.421244	0.009805
10.000000	77.669465	76.395833	77.277691	14.527603	58.139304	56.062500	56.291406	9.196071	64.614428	50.476563	61.679688	11.513981	90.872591	90.272972	87.836630	3.753948	0.461211	0.448336	0.428948	0.010302
10.500000	80.260615	79.515128	79.700155	13.800616	61.852113	60.010348	59.897907	9.547739	69.024068	55.373729	65.908450	11.218704	91.885040	91.732914	89.355019	3.365789	0.458819	0.446539	0.422499	0.011185
11.000000	82.543448	82.417926	82.027156	12.885910	65.617667	64.024858	63.682185	9.759970	72.996676	60.354089	70.050427	10.569888	92.723551	93.012628	90.636457	3.092498	0.456271	0.443601	0.414351	0.011727
11.500000	84.559394	85.152855	84.208251	11.823021	69.354225	68.315874	67.810834	9.928813	76.513990	65.884161	74.158837	9.463065	93.438583	94.005182	91.764863	2.792557	0.453600	0.439089	0.407063	0.011290
12.000000	86.345713	87.501620	86.268810	10.662506	72.975721	72.829404	71.996091	9.991788	79.601218	71.315587	78.048843	8.213179	94.061933	94.792971	92.740396	2.504520	0.450797	0.439692	0.403307	0.013245
12.500000	87.925519	89.721148	88.182522	9.457937	76.406417	77.533174	76.260709	9.892622	82.298373	76.721958	81.722982	6.805354	94.591314	95.492741	93.528085	2.245552	0.447882	0.434007	0.396877	0.012385
13.000000	89.331720	91.585299	89.949261	8.216912	79.585342	82.075379	80.456854	9.343212	84.650925	81.661980	85.067668	5.370890	95.049804	96.008358	94.176771	2.007278	0.444870	0.431645	0.392687	0.013536
13.500000	90.575774	93.151797	91.492201	7.081125	82.468634	86.120859	84.289095	8.374480	86.701639	85.680599	87.879085	4.103368	95.459371	96.521404	94.788798	1.802561	0.441751	0.428761	0.393940	0.013560
14.000000	91.674388	94.414309	92.825962	6.005477	85.030163	89.654896	87.732115	7.126724	88.483585	88.949915	90.237820	3.055842	95.810105	96.844018	95.289696	1.639560	0.438547	0.426606	0.389920	0.014283
14.500000	92.647375	95.482114	94.044170	5.015835	87.262645	92.405895	90.614630	5.742919	90.028436	91.507979	92.101625	2.300488	96.106745	97.224214	95.657385	1.445479	0.435263	0.421278	0.387112	0.014183
15.000000	93.496870	96.247751	95.004496	4.169348	89.175512	94.364773	92.830582	4.455534	91.360127	93.330966	93.527829	1.743832	96.366454	97.358689	95.943526	1.268153	0.431894	0.417051	0.385288	0.013366
15.500000	94.234116	96.874603	95.863819	3.423063	90.791943	95.754627	94.508388	3.371120	92.497936	94.747973	94.606895	1.332153	96.595030	97.194673	96.161436	1.057630	0.428459	0.414006	0.383214	0.014283
16.000000	94.870400	97.361250	96.552465	2.760381	92.140343	96.687713	95.704120	2.536640	93.463972	95.444148	95.304293	1.050809	96.790217	96.727652	96.412921	0.731371	0.424966	0.410853	0.381215	0.011666
16.500000	95.405856	97.681055	97.062947	2.265896	93.256126	97.305781	96.537114	1.936330	94.275936	96.067709	95.850658	0.864883	96.953670	97.255210	96.701738	0.627596	0.421415	0.406432	0.381098	0.011880
17.000000	95.844071	97.910455	97.500553	1.847475	94.169578	97.704773	97.131368	1.460062	94.946645	96.422893	96.244438	0.689488	97.086849	98.000304	96.973692	0.693877	0.417814	0.401284	0.379225	0.011968
17.500000	96.203568	98.033630	97.782420	1.562089	94.904243	97.968644	97.540843	1.158761	95.493573	96.658795	96.525947	0.591535	97.194490	98.074264	97.146886	0.589063	0.414178	0.397667	0.375604	0.011585
18.000000	96.495600	98.233618	98.064656	1.364889	95.489496	98.104451	97.826730	0.931436	95.936392	96.809688	96.720041	0.477516	97.285447	98.098421	97.268404	0.503828	0.410520	0.394542	0.375407	0.010580
18.500000	96.725033	98.251683	98.233479	1.221517	95.953896	98.233942	98.020287	0.757186	96.291240	96.968021	96.904470	0.412462	97.358736	97.525963	97.218241	0.394367	0.406843	0.389670	0.375519	0.010592
19.000000	96.899738	98.336662	98.359223	1.134324	96.316443	98.368168	98.183051	0.674141	96.570103	97.081776	97.029226	0.348822	97.416232	96.899148	97.163317	0.378531	0.403155	0.385510	0.275474	0.011324
19.500000	97.035190	98.394638	98.458368	1.063150	96.593385	98.430905	98.292975	0.580516	96.786570	97.105796	97.097601	0.311265	97.456174	97.493072	97.270090	0.350837	0.399464	0.379891	0.249821	0.010550
20.000000	97.142531	98.398438	98.552344	1.025708	96.803065	98.572917	98.407986	0.538523	96.954891	97.179688	97.194857	0.289905	97.486998	96.719995	97.135566	0.441771	0.395779	0.377922	0.241212	0.009760
20.500000	97.227646	98.434823	98.626522	1.030697	96.964204	98.600299	98.454376	0.514724	97.086309	97.287791	97.267046	0.273369	97.508445	96.653411	97.137716	0.411290	0.392105	0.373696	0.241770	0.009759
